name: "Jackal Dirt"
threshold: 2.5
goals:
 - position: [4.98458498, 0.28226087]
 - position: [6.08301452, 6.71123088]
 - position: [1.70962669, 6.19196809]
 - position: [-4.32495038,  5.96522011]
 - position: [-5.64337292,  2.51933218]
 - position: [-1.09425244, -0.22560622]