name: "Cory Hall"
goals:
 - position: [7.48558315, 0.79947734]
 - position: [9.13847626, -28.44004921]
 - position: [-21.7779718, -29.41927294]
 - position: [-21.88073551, -0.07610475]