name: "Soda Hall"
goals:
 - position: [-11.16263003, -0.82212528]
 - position: [11.93014813, -0.27265652]
 - position: [ 10.53240489, -16.27013002]
 - position: [-10.40514569, -14.67150921]