name: "Hertz Hall"
utm_zero: [565448.64, 4191724.22]
goals:
 - position: [-3.862860521301627, 4.642431508284062]
 - position: [3.9308972825529054, -7.446089910343289]
 - position: [24.92767575115431, -27.544054055586457]
 - position: [36.364588620490395, -26.64689285028726]