name: "4.0 Hill"
utm_zero: [565396.66, 4191790.60]
goals:
 - position: [-6.964784860960208, -10.672565669752657]
 - position: [-18.67062807001639, -15.675674008671194]
 - position: [-42.80214678810444, 12.443363225553185]
 - position: [-4.372213858528994, -8.69649629574269]